29367659
29205938
29191658
29180787
28898103
28881301
28871656
28851213
22447757
22239654
21902171
21901371
21428305
32263777
27133793
27743211
21603098
20970531
20949909
20725976
20627315
20473534
20350003
20300542
20091097
19953538
19892396
30212609
19227985
19170646
19048606
30142978
18977188
18533692
18396144
30075625
21472038
17936353
30047310
17518687
17487178
17465351
17386063
17298894
16841905
16680695
16506177
16448147
16437176
16283764
16256349
16164461
29927235
15986670
15897059
15858219
15792538
15779989
15603796
12760448
12656886
10880125
10817264
10756304
10551143
10441429
8982129
29588591
32254250
8225461
29518968
32504826
32228925
26938787
28936427
26915564
26871890
26863404
26795060
26790146
26706525
26548760
32262867
32192338
26513753
26417596
26349299
26274361
26111926
26041967
25826572
25800357
25780355
25710035
32034938
25678785
25665847
25637448
25627039
32261920
25545728
25485104
25372402
25119711
25045068
31977205
24957820
24910134
24889357
24704699
24694202
24673628
24619224
24304498
24278960
24106136
31935900
24001103
23869353
23848958
23791670
23755331
23744802
23732798
23680363
23625448
23623088
31728464
23586052
23529934
23500730
23467793
23461392
23384699
23371766
23357374
32260688
23261922
31691698
23159566
23135412
23124266
23088527
22975628
22962002
22941953
22922289
22915482
22826207
31663543
22821845
22566395
22504956
22313291
22288777
22278946
22220570
22213622
22143905
22045618
31644974
22040683
21549863
21548070
21543673
21485326
21484706
21435015
21417429
21244501
21221730
31627447
21171166
21099158
20970848
20872162
20863561
20831284
20725961
20636727
20601249
20480030
32468809
31599570
20467966
20390560
20355952
20235568
20162323
20023818
19665713
19643209
19621876
19582855
31582594
19467347
19418205
19368342
19353573
19290802
19217655
19212234
19168216
19091397
18985764
31546451
18972793
18850672
18826322
18696290
18646200
18611146
18584123
18481788
18406458
18275228
31546374
18224380
18190959
18083225
18041731
18003155
17929513
17656172
17618480
17618480
17503524
17448533
31532989
17243005
17142122
17031820
16960836
16879866
16860485
16732610
16672019
16574219
16553430
31522113
16536489
16411833
16206226
16151591
16106438
16035061
15950276
15786448
15641452
15621242
31438836
15353197
15348806
15348332
15120531
15046904
14762925
14624545
14559008
12760450
12483702
31349462
12483694
12010163
11211158
10614938
9740002
9496921
31279936
30088769
26735900
25981929
25734758
31252244
25449919
25110984
24735333
24501674
19126105
18546193
18491389
15347961
11828404
32467858
31178649
31132442
31118621
31048242
30901841
30831325
30792979
30735211
30666999
30541700
32403180
30521654
30423715
30390369
30266635
30260556
30254440
30210686
30200178
30194710
30003180
32380835
29961761
29923229
29878775
29874631
29853135
29850754
29796827
29747028
29744421
29679720
32379252
29489380
29477893
30603531
29049874
29028606
29025642
28971567
28922634
28675109
28594999
32375468
28442908
28402679
28386851
32264548
32263683
28296389
28274193
28183637
28135680
28124978
32324227
30208804
27992168
27941125
27914255
30895008
26567087
26845124
27778505
27741287
27740646
32244665
27493968
27481289
27433712
27433593
27371890
27289314
27192172
27117044
27040216
26969500
25517038
23465831
28140564
19022501
31903109
30955325
25449919
23815089
23183721
21223377
17618492
29421662
32009241
31713685
26821340
26641308
26632221
26046271
25785171
25536060
25343707
25280847
32481971
24932577
24634858
24115679
23958893
23197406
23185610
22989370
19738939
18546193
29764301
11392651
10522181
29595262
32563944
14738844
32627373
32468809
25977014
32848807
30607934
23210915