PMID
19763578
19732667
19711418
19703077
19682220
19659745
28247484
19618611
19602141
19578149
30198115
19545975
19524280
19508342
19494233
19472424
19465862
19415286
19413826
19367720
19345807
19317846
19266178
19242946
19181833
19170435
19142678
19112554
19105903
19083204
19040218
18972529
18953559
18929275
18929262
18853847
18844120
18840065
18828626
18725099
18716825
18623974
18605209
18603788
18585110
18572703
18572419
18556356
18496112
18492701
18492622
18472662
18458426
18431768
18350233
18275098
18256421
18249616
26620667
18196295
18189368
18171022
18085192
18058937
18056040
20054868
18046680
18035279
30059265
17969167
17936331
17928320
17910976
17896396
17896383
17896357
17828523
17702678
17690541
17690539
17646990
17628662
17626128
17617710
17592303
17589489
30033503
17558479
17549266
17508132
17415753
17385788
17367126
17357436
17356373
17326168
17300989
17274661
17262131
17235191
17156368
30178506
17141296
17124330
17090599
17049374
17041083
17036358
19350035
16969758
16966900
16924342
16891981
16868170
16841266
16826607
16775280
18836211
16766894
16643288
16624477
16602121
16534754
16530632
16522054
16506155
16463872
29956259
16403565
16315211
16288799
16286052
16275429
16272372
16228192
16191482
16139880
29932313
16139352
16130053
16129513
16104974
16096831
16078097
16043477
16005648
15921737
15881531
18257517
15862651
15857069
15833704
15786753
15720554
15715515
15690519
30066085
15671824
15642038
15640033
15603780
15534818
15527995
17907126
15504435
15502129
15468951
15389956
15388175
15346747
15332593
15332257
15317562
15278341
15233852
15225564
15223032
15214640
15211305
15208402
15194912
15132457
15116040
15104130
15066513
15066512
15052574
15037469
14980412
14751742
14731176
14718053
14715028
14675640
17376086
14623900
14618385
14536041
14533789
14503833
14503829
17115721
12966505
12951007
12940914
29850594
12887576
12843023
12836356
17091520
12766898
12753196
12734671
12704782
12700544
12692690
17084894
12679080
12655588
12608931
12569411
12563142
12529030
12511498
17060459
12439484
12427202
12388521
12384758
12375101
12324795
12234107
12196217
16930316
12121605
12089015
12081442
12059940
12059915
12034567
12010505
11960241
29987362
11919409
11911056
11855744
11849335
30823314
11810682
26633073
11771587
11766094
11762500
11747035
11699481
11605759
29744193
11577175
29742293
11499781
11493977
11488858
11488481
11468373
29735385
11423783
11400736
11350287
11337335
11331152
11313561
11307463
11307444
11307443
11307255
11283419
11274670
11264077
11204801
11169826
11168203
11145391
11110533
11106439
11092473
11046091
11044243
29927115
11043469
11042648
11042644
11042640
11042053
11039794
11037688
11012441
15909311
10974112
29708657
10948245
10942617
10941922
10901678
10887968
10875224
10873522
10861702
10824926
10823658
10816052
10804286
10737141
10735442
15296492
10726524
10677834
10709491
10692388
10676624
10672073
10650393
10630949
10613878
10607312
10602949
10552514
10584644
10562698
10556858
10530210
10525854
10492062
10487318
10398024
10378683
10366526
10363074
10196810
10093216
10080884
10023267
9987134
9914504
9877453
9870754
9839984
9835265
9829924
29657914
9814771
9798849
9791116
9789169
29657554
9783203
9761582
9759964
9732435
9692804
9649060
9643546
9641147
9573157
9587312
9574510
9574502
9557684
9500257
9498874
29635848
9468395
9394795
9393724
9367309
9364608
9339546
9314581
9307909
9304861
9244272
9238105
28879401
9254041
9243379
10851467
9187089
12460533
9153802
9126790
9090401
9090397
9089388
9023214
9001150
9622107
9267455
9010143
8990298
9065075
8956585
8995471
8824616
9067252
8914533
8897341
8890020
29593667
8763953
8688241
8661579
8842907
8655510
8633445
29774637
8615272
8955762
29576780
29576671
8598811
8850665
8579950
12044531
8573416
7592321
7560067
8574034
7548833
7487020
8589410
7540664
29573356
7786797
7730290
7868612
7654279
7574623
8669222
8592266
8583869
8569530
7798144
7674846
7616761
7948714
11843828
7881185
7878213
7530022
7846145
7817834
7814430
7991675
8182234
7909538
29556823
8014647
7914664
8180620
8180464
8152417
8012038
8206881
8152380
29555295
8282859
8273669
8057759
7980009
7816793
8232213
8366042
8270636
8260944
8248099
8373340
8350875
8231811
7688779
8347950
8101965
8501053
8218744
8514842
11536239
8491908
8470574
8355616
8324252
29542122
8390902
8482645
11468356
28053487
8242014
1465104
1442427
1280473
1400174
1522649
1517275
1629405
30532149
1341986
11456474
1639765
1613022
1732218
1729310
1729235
1525561
1417419
11443076
1309520
1299641
1800853
1745238
10149617
24221663
1799699
2014300
1996107
1932811
1657255
2067389
2056854
1881250
1852015
1835265
1786245
2089226
1702225
2171014
2124051
11168639
2120933
2235135
2270086
2203743
2165478
2103448
29501117
11159416
2233252
2162480
2103446
16348158
2307647
2138626
2101693
2101685
2299005
2144687
2108948
1982603
2592351
2615632
2532140
2478521
2676063
2529122
2577506
2745783
2738020
2734299
2568930
2535512
2470786
9765441
2704797
2541431
2747621
2546041
2543583
2664419
2520160
2647495
2644238
2638873
2627460
2608465
2536550
24272627
24272624
9006008
3264805
3054877
2464134
3406412
3193878
2842300
3403506
24272395
3408851
3384804
16593943
16593930
3042319
2967742
2836371
30540497
2452439
2832362
24272265
24272254
18964494
2969332
2963706
8671596
21424658
3390360
3220095
3126074
3480525
29466092
24277199
16593893
3448462
3312604
2822660
3657501
3134434
29464007
3590627
3584058
3595560
3549694
3614215
16593809
24302528
24276794
15467781
2908179
29460086
3786706
3782037
24307418
24232660
7877618
3022288
3784989
3017694
16593716
15966101
15966100
3487088
24307277
24302303
3952314
3942834
24302155
3519390
8045881
2939858
2426193
24306992
4056142
29451170
3860847
2411571
24306763
2991345
16453614
3997726
15938044
3871809
2990912
2986890
24306569
3968034
3991808
6505307
6472259
6203651
6734325
6427776
6235150
6584906
6321432
6330262
24318453
6314413
6411697
6405767
6302080
8288543
6839358
6834135
6298189
29428467
16453483
16453464
11894956
11892818
31061102
8244944
29427647
6653647
6228500
24318033
16593241
7151163
7085561
7061382
7153689
7153687
6184562
16593055
6260751
7050279
7028536
16592915
7430069
7438621
6252198
16592819
7364453
6992264
379864
499767
721776
344135
190001
18961984
950551
824717
1142186
4820091
18961272
8436299
12664922
32554614
30504623
32246815
32162007
32160098
1376390
29345190
32052147
32027386
1756712
31894388
1799698
31823650
29318361
31761480
31679061
31542455
31520885
2279356
31478348
31422432
31387871
3025857
31342430
31283091
31165326
16453661
31057680
31032959
31016328
31004283
30520530
30786746
30770655
30761523
30656732
30634078
30537404
30520126
27539427
27501136
27473494
27456521
27417181
27071760
29124350
26977448
26886742
26885883
26883530
26869289
26833686
26802440
29081049
26672806
26659616
30468271
26592860
26584927
26584922
29068546
26540545
26526711
26505115
26450350
29042065
26317770
26315596
26265538
26169134
32459683
26139411
26119274
25971850
30740585
25902167
25894977
25820729
25650381
25645427
25640129
25636404
25608955
25562604
25461292
25407892
25394399
28889107
25361676
25264490
25198744
28875428
25096199
24972881
24961811
28844104
24913861
24888630
29383564
24840465
24712563
24670416
24630816
24559582
28801867
24421219
24386391
24361353
24245154
24056707
24038603
23926288
29172213
32390785
23878817
23780702
23744397
23682707
32378552
23579595
23511030
23503360
23427088
23335361
23285258
23281309
23263546
23228046
23185591
23180088
23172892
23161631
32355559
23136062
23131420
23105009
28634987
23019160
22933274
22926133
22910200
22815157
22803011
22772142
22740261
22729381
22674473
22665649
22642389
22589470
22583904
32338472
22577651
22522803
22470061
22464928
32323716
22388621
22373603
22144111
22105300
22103882
22075122
22065391
21952557
27565876
21887822
28501649
21806454
21735066
21721839
21716277
21698384
21598383
32275694
21476077
21455477
28464451
21304214
32275530
21298789
21253714
30402329
28384285
28188522
28160437
28114216
28086031
28024205
30354477
27900429
27670289
32193685
27339789
27711228
21137027
21058028
21056275
20952357
20928925
20868232
20839101
20839100
29349504
20634090
20552382
20539285
20468006
27287232
32120180
30260249
30259490
20373296
32091635
20113292
20014058
20013035
30228248
19951704
19899075
30216812
19824055
30216485
19773540
19761217
19734262
19731965
32086804
19714878
19685481
19663695
19658101
19655408
19622365
19582856
19558518
19474472
19415920
19371821
19375779
19301321
19251440
19249992
19241030
19241006
19241005
19140157
19126105
19118894
19082170
19066734
18958608
18837466
30131145
18785823
18767875
18752639
18680340
18661941
18642943
18630941
18579562
18552235
18473453
18397261
18327884
18307298
18287366
18210378
18081192
21136661
18047269
18000841
27281782
17998746
30058720
17951481
17939157
17935079
17929885
17904633
17870612
17824660
17803451
30041069
17675664
17663242
17623646
17563306
17587398
17549033
17545998
17483896
17450584
17435159
17365031
17341568
17293869
32030171
17289767
17172157
17152097
17120220
17114648
17065411
17043108
16941955
16678850
16547030
16530217
16402784
16252330
15979086
15907181
15787675
15655678
15595729
15477128
15329862
15307181
15171295
15142989
15068616
15068307
15009528
12894021
29845627
12798670
12507235
12437953
31977695
12207301
12124793
11978683
11975712
11919087
31966081
11893409
11878768
11874186
11514331
11450504
11386676
11379884
11273728
29713851
11022835
10920395
10743998
10532280
10520597
10483524
10432168
10411670
10378391
10089089
9972673
9705624
9538136
9472976
25508777
25481925
9399764
9396787
9294428
31926803
9129137
8921821
8811336
8809772
8766941
8652796
21359698
8813475
29576738
8588875
31918097
7642173
7806354
7756753
7487141
7517794
8076906
8036913
8580543
30538450
8145147
8398878
7902242
10171621
1286065
29326527
1466223
1424482
1640388
1567285
1703675
2249423
31894148
2185944
2292349
2279253
1710741
29493378
2689969
2472280
2463125
3220926
2977423
2975601
3075924
2450828
2960547
3294578
3105842
2437014
3498309
3491337
29458085
3536529
2409161
31864675
2985525
3888753
6520118
6470402
6421469
6190935
6819147
6174426
31863519
7173749
6159410
6995613
7188925
400740
993337
792396
949174
31848805
26033855
25195567
24723360
23786612
31802814
23401153
22499768
22325874
18307296
30278072
20446291
18578522
31799960
17510049
17330947
17089331
29382487
31606085
26633130
26584931
26584929
26584926
31776926
26584925
26584923
26425665
26091701
31762517
25930695
25845541
25713560
25486920
25443728
25403869
25348772
25225356
25117565
25059609
24945867
24850871
24792005
24615062
31729080
24274265
24200585
24136551
24129742
24027161
31711072
23996321
28730481
23756949
23625397
23542237
23391890
22975804
22903715
22890988
22345495
21948414
21932442
21822884
21761559
21751366
21738781
21630456
21604125
21604124
28477122
21468956
21360674
21316455
31633460
21189417
20340162
31631404
19899184
19764811
19688752
30182230
19178300
19142958
19053533
18234664
18039691
18034456
29900237
15478342
30894939
31598797
29549130
21715320
25832127
26401955
31592335
25867546
31140077
17924679
31707662
25307156
28826663
23097065
22976843
27987026
21195118
18491316
23874539
32239465
26918378
26449285
25717017
24877625
28795083
28510893
23057534
23028780
30839694
30229511
19286810
30169888
18662309
16861649
15294782
10406843
31890783
31836607
31693276
29304093
31657101
31643043
29282816
31397580
31384992
31288129
30863878
30775173
30766512
30657772
27620556
27620343
27603015
27393904
27337998
31456770
27272929
27270125
27065119
27044800
27020381
28330331
29075873
26484168
26475452
31845051
29273916
26380642
26180132
28986915
28968389
25820207
25635822
25600732
25527477
29805883
28893355
25385995
25300828
25256558
24874280
24823299
24714158
24682812
24681054
24454689
31392636
24086590
23955844
23936375
23936103
23913425
23887489
23861570
23853512
23803588
23792707
23728164
25202552
23675487
23672686
23593220
23568199
23468952
23467405
23390612
23059538
23056217
23022620
22970300
22952140
22923144
22849342
22815439
22736259
22735701
22720093
22719826
22666442
22590565
22489139
22479570
22461550
31372436
22347999
22336765
22324449
22156394
22135358
21999839
21994929
21948828
21947953
21726390
28487309
26680733
31364055
21466660
21365494
21317261
31346634
28451874
28367378
27941999
27759152
27736909
21153877
30311179
20883501
30287402
20870790
20848455
31306086
20357205
20088967
30238162
19550035
18956442
18780563
30757966
18625284
18362707
18361760
18048908
30024917
16292539
16018194
15367214
12903285
12677408
12533456
12169609
31293839
11675599
11133426
10069074
9887305
9193068
9126564
8655509
8893787
7894506
8107681
31257623
8142020
8353533
1369092
24227066
2177527
2102819
31250129
24271067
3186745
2843678
24272403
2836366
2832367
3162548
16593905
31243060
16593820
3595559
2965063
2430294
16593722
3701934
3459162
3009275
29449878
16578787
6095299
6467373
16453538
31218748
6089175
6300420
14544242
6875427
6308120
7108407
6941239
31201450
6253441
6253354
7002716
7363328
23642711
23536812
12050381
1883998
2124696
8534821
19258044
10731693
9147997
31188678
24582357
23619294
18552161
29955238
1556169
27474751
25193738
22837710
19947578
31295089
30800158
31179175
29125465
26880329
26622248
26520746
24604664
24382631
23369070
22970184
22648532
21610724
21274708
30383304
30317436
20443492
18022753
17563912
17482365
29666568
7523869
2718866
3669934
31101155
27258023
21259345
31749823
22017423
21705551
21326316
21180550
18306281
16264087
31084793
19649605
18480119
31486901
27073737
26556829
31066210
26061358
25610442
25329962
22724064
21883520
21592315
16262794
15659173
14516070
12902278
12582923
12207035
11872961
11763310
31061998
11434457
11114898
10525844
9655796
9079917
8855552
7494475
8491736
29215756
8387998
8460633
1421759
1816090
1906060
2550985
3027729
2943408
16453603
6286824
7364725
17248740
17248574
32154776
20432484
2546620
18367245
31920953
21898809
20213572
11015383
9675228
7729573
29210630
8138569
2446322
30993200
30483857
27236315
26962120
23620372
22773269
21604132
21441315
21127490
19562805
30068521
17869178
29644550
3092224
2993857
2409103
6334644
29207834
6605197
6339432
22833378
21137961
30887450
22355747
30864042
25662565
31884229
27574426
27075777
25162615
24231044
30856499
1004864
30843165
25111295
23335165
29971571
32032466
30813075
26491206
28989966
26244338
30804671
19676060
16244143
30780073
11043775
9851999
32199283
31519129
27176765
26309903
26228688
26166900
25858611
25476779
25162009
28875542
25052961
24595908
23658749
22097513
22068488
21738742
21261668
30734124
28337937
20562280
20532761
30255621
19570633
19100688
30712516
18667582
18322316
18174128
16867139
16796705
12799491
12621625
12180983
10653757
10049902
9663688
8763954
7891554
1341883
2013576
2548841
6803314
30666193
24259207
19898872
16504283
15348879
16838376
7981523
26702589
22722743
27650410
32354712
32106239
31939695
29312135
31681572
29302710
31628073
31572981
31525497
30879914
30847005
30827354
30778707
30604492
27459058
27227824
27108218
27057844
27026243
26984824
26947187
26902457
26478869
29057346
26327671
26295914
27656149
26273548
28971007
25738056
25555906
25544555
25420942
28892256
25208978
25066754
25035696
27640951
24962524
24954898
28850630
24912802
24898097
24877833
24768188
24599625
24500244
24392025
24357123
24297575
24257741
24127127
24119050
24053373
23997974
23759651
23701058
23685793
23643158
23610088
23580119
28669534
28607651
22661057
22578837
27599718
30419571
22277053
22266987
22246289
22193978
22178311
22127374
22068887
21954083
27586178
28497622
21780921
21607837
21550743
28346006
28092272
29953791
27928834
27662536
27523295
27769107
27722227
30662203
21146947
30310989
20888719
20858811
20821085
27516841
20688445
20663578
20632579
20591608
20527646
20028892
19900776
19809340
19693644
19686915
19618609
19468722
19242296
19021828
18972338
18853853
18801644
27509169
18666216
22151092
18085188
18037795
17654582
30036549
17540275
17515239
17482122
17482121
17414986
17391887
17385363
17332709
17154371
17086407
17083111
30918626
17005516
16979448
16944118
16835743
16786568
16777563
16755541
16754135
16485460
16463200
27441113
16445325
16391492
15919602
15906286
15899332
15785943
15756349
15503346
15489080
29893989
15145484
15137342
29859514
12885843
12766895
12764640
12427681
29780615
30560500
27379133
12111960
12029338
11731213
11518406
11384057
11224805
11141297
29718688
11054233
11044943
27375047
10917740
10855467
10800044
10616816
10552316
10510909
10333005
9799315
9562073
9543418
26011558
9310123
9000388
8994101
8696695
8811653
8738086
8692394
8598814
8528780
7962796
8057802
8144343
7968282
7934660
8239060
8423717
1917409
1994861
2261289
2233220
2618577
2814553
3415198
3374282
3282963
3528737
3876750
4079674
4079672
6333143
27265897
32550142
31833045
24305718
30798663
2663585
3707653
27231661
7042360
8008721
2943143
21097543
30039335
10862067
6249150
32301581
18006492
14596849
10427993
8580844
32083341
30942501
24068575
23509780
28400685
28009638
28003694
20593428
19040640
18249518
15961726
12183484
9926989
1564990
27161957
1537722
2708199
3289961
6743868
6629948
7372526
38333
27648286
28135212
20804443
17443843
16641320
11835120
25419930
2580944
7174400
31508380
24117733
27141528
22627760
30980321
30367422
26700054
26584924
25737190
28747907
23681576
28508362
19531450
18429323
29460479
20862637
27092120
26544051
25184704
28326064
27058430
21051490
19942662
9586049
17223631
19014339
1533386
27045347
16323056
2441203
19542401
19161205
27040253
26939634
26912525
26887359
26871513
26856657
26837748
26826971
26822951
29100989
26800478
26759353
32355416
26680010
26652406
26614016
26599342
26587889
26583361
26578447
26571070
26546315
25491963
26527490
26521210
26515695
26458035
26445455
26430361
26420719
26414430
26406450
26389058
26309221
29026667
26219319
26217487
26176018
26174577
26172646
26161246
26147641
26033724
26011655
25971007
28969577
25935699
25929942
25922841
25864175
25842141
25833274
25824323
25820924
28953930
25815773
25811246
25802471
25749083
25741214
25682530
25679007
25678115
25667040
25665796
25657036
25654036
25652772
25633965
25626770
28824680
25623827
25616082
25572186
25557631
25550742
25532361
25529603
25521602
25506640
25492704
25491817
25482217
25468371
25460811
25444561
25442294
25421318
25348196
25318744
25309900
25309837
25279283
25245535
25234651
25202614
25202606
25202576
25175196
24366607
25155582
25146035
25146030
25125192
25117628
25093859
25087661
24335353
25077796
25076941
25074817
25053189
25045115
25044696
25040139
28856765
25008061
24979230
24973070
24944121
30448560
24909201
24895247
24123747
24828103
24785921
24778507
24744316
24732634
24723104
24114941
24721683
24717063
24695416
30708423
24570846
24558460
24517752
24516555
31720491
28801691
24477191
24451858
25745510
24010244
24313461
24297959
24293708
30429889
24269833
24266231
24203851
24194169
24167629
24130822
24120219
24098800
24094132
24086764
24082070
24077854
23858975
27877611
24066345
24065537
24061966
24055522
24048228
23821293
24036821
23996139
23993795
23953286
23939318
28746401
23903949
23894486
23874704
23852231
23848445
28732991
28731616
23807315
23793385
23791261
23785128
23775738
23764134
23741536
23738233
30722596
23595995
23680131
23671567
23660250
23656957
23647218
23639579
23638167
23634816
23634219
25202546
23615786
23603801
23559548
25198152
23546785
23529345
23522545
23493214
23382468
23351767
23329249
23166814
23292702
28651813
23229628
23210510
23172588
23147227
23146808
23133637
23112875
23082008
23028533
22990025
22977321
22966608
22953787
22949246
22941956
22916302
22915322
22912867
22903598
22898936
22843994
22822203
22798374
22792183
22744916
22738005
22696645
22684964
22673110
22665279
22622349
22949881
22613651
28580552
22595125
22559543
22545015
22536753
22527255
22503403
22948957
22497659
22470543
22454194
22433067
22419860
22407269
22393287
22372640
22364700
22321066
22301892
22284758
22226334
23457901
22203428
22186291
22046908
22039173
22740388
22018268
22013370
22000451
21928156
21924189
21887657
21857902
21850366
28592168
21806683
21787506
21776794
21731642
21685254
22699815
21676194
21640206
21624929
21611172
21607746
28478184
21498748
21482139
21474625
21457352
21446012
21437617
22438062
21419302
21382176
21367826
21354046
21316734
21300221
21270641
21247716
20847671
28393298
22173543
28371602
28301310
28279900
28258069
28238706
28198111
28196829
28154749
28111714
28085975
29557567
28025441
28000277
27973578
30357425
27939636
27907856
27899929
27857847
21966514
27842041
27834171
27829689
27829304
27782717
27638716
27774305
21965568
26305857
22091380
21616810
21558235
23761249
21316616
21281421
31589795
21938731
21142446
21137963
21132346
30311705
21092819
21062336
21908667
21046433
21044647
20967754
20951309
20933272
20931254
20883396
21834857
20880993
20864157
20835477
20727500
20677269
20674005
30743452
20666791
20665793
20650293
20630304
20615003
20592871
20591354
20557147
20541600
20532635
30754340
20489522
20500376
20416526
20393574
20379681
20373445
20365013
20355886
20339262
20309552
20232060
30252987
20201825
22876982
20171560
20151403
20142218
20120090
30754291
20098765
20089293
20086159
20072744
20061014
20053436
20002575
19926703
19924124
19912375
21216996
19891698
19888499
30754609
19865618
19856406
19817540
19800909
19778273
32519515
31589225
30404838
19754043
19735142
19719291
19715286
19577837
19558684
19555659
28192654
30193072
30180596
19402603
19348470
20717591
19271753
19216061
19174921
19157518
20714579
480097
30155716
21817233
19060192
19006261
18990217
20572634
18958023
18841961
30255703
18818016
18786502
18680263
30960788
20199072
18417286
20173237
18380440
18368188
30088769
30081334
20090924
18163623
30067908
18087499
20442491
18047347
31581945
18027917
17996367
17930526
19722544
17870253
17803326
30044616
19547456
19715369
17664558
19705913
17548601
17516672
17497933
17388410
30198845
17263393
17222804
17217281
17149934
17107193
30001142
30588370
16930058
16852296
29977071
16686511
16649797
16642169
16633687
16565961
18789404
16494305
16488612
16437171
18698698
16396574
16382952
16298471
16296857
16290794
31459524
18662754
16271827
30087972
15969573
15967354
15964016
15960529
15903314
15740216
15721547
15704115
15632968
15627365
15571694
15510282
15476825
15364333
15358429
17850078
29877865
15267415
30043017
15158392
15120309
17685512
15037534
14656105
14654391
14613247
14594818
14575469
14525444
12947042
12917007
12889001
31438997
12735758
12731927
12706727
12685909
12603108
12579555
12559800
12236763
12175242
12123354
12115465
11921798
29762038
11900919
11815282
11790767
11670567
11670144
16771525
11430110
16506173
11396941
29712214
11377196
29728677
11329712
16471591
29726472
11278886
11273700
16465696
11213191
31436979
11020280
10990420
15955
10926461
10905864
15306928
10750495
30544929
29701968
15271995
10497295
15252583
29677791
10188252
15208323
30541556
9843419
9841870
14871530
9826201
14577790
9749525
9737588
9659621
9636978
12960325
9570520
9549791
31388189
12716896
9375792
9358038
12561318
9278323
9182541
11671414
12364334
8973320
12147695
8757282
8662758
8628253
8643679
8845514
7650034
7556161
7641877
11933231
7759474
7836390
11902902
7808399
7884818
7980396
31327805
11801736
11671077
8373417
11567759
8405938
8477726
8464476
8096236
29539882
8382657
8381541
1465407
1400366
11467936
1400361
1384048
19798162
1534097
1376028
1532815
1731335
1834739
11607226
1714902
11304144
1830845
1996345
1703444
11300843
2263456
2265758
29504399
31215584
29503994
2144290
2224895
2190982
29498390
10713083
2481809
2806247
10649627
2803257
2541699
2545253
2653967
9430642
2471056
3243272
3199438
3412897
29596747
3132504
3138164
2837739
3281947
17784072
3281832
3335530
3121623
29468873
3684577
31121972
8552026
30526847
7607509
3106360
3029068
17758248
3026643
7896798
3814121
3027669
2948021
29458409
3018677
3018675
8068617
29457975
3513123
3511528
16453649
7510958
2987868
4000924
7926749
3871253
29445231
6473100
8289274
6312414
6305007
6306562
8248179
7320687
6109298
15834
8240352
891595
405038
8373810
1276184
17781536
14163799
32551801
32507244
32497179
32479916
32478251
32462256
32424959
1620610
32369185
32310654
32290087
32235463
32233396
32168965
32151606
32102482
32080300
29338241
32023883
31999874
31974654
31959115
31940937
31929089
29327917
31906003
31889024
31877629
31853651
31842498
000007393
31809714
31752079
31745662
31730334
31714739
31687796
31683907
2351681
31670105
31666842
31665900
31663080
31627419
31621766
31609031
32295313
30735033
31514902
31484572
31460330
31392525
31385117
31367531
31357351
31309835
31260175
29248449
31202350
31199117
31144498
31136922
31119234
31098710
29216926
30959917
30929579
30868259
30850145
30793143
30781735
29187207
30724072
30683686
30482300
32545421
30654760
30627783
30618247
29177363
27641902
27595770
32530609
27585308
29164709
29162137
27470094
27400036
32529471
27383367
32263422
27377129
27329945
27315519
27299678
27268440
27174015
29136869
27138325
32521823
27136976
29136822
27130120
26972028
26928529
32519168
26873472
26838411
29099747
26803004
26758942
26735900
32507976
26699807
26689825
26688345
26680323
26675250
26659305
29072763
32479671
29071782
26473307
32471180
30465569
26402220
26299437
26206376
26154740
26092339
26078185
25893165
25884192
32455613
25692184
25681786
25679440
25591077
32437121
25542702
25434879
25317483
25305317
32429051
25303471
28884863
25115462
32261549
25054428
28865493
32428054
24983703
24974870
24933006
28842012
24863220
24835108
24786220
24727527
24673251
24666404
24657496
24641631
32415682
24407680
24316476
24090595
32400108
24028443
24006948
23998541
23991683
23941301
23917254
23907452
23892395
23883739
23851311
23824281
23800682
23770360
23726862
32381823
23639125
23638980
23625739
23625148
23624322
23611819
23598188
23589303
23586481
23581884
23552617
23514453
23434490
23414136
32358847
23294993
23163294
23144170
23094651
23010127
32348844
22908992
22885051
22839352
22795554
32348023
22709424
22624145
22595430
22594795
22591378
22578231
22528559
22505557
22417874
22406350
22405596
28553535
22371501
22369891
22310899
22241661
22218405
22195985
22152050
32318868
22149097
26598335
22051540
22046589
32316343
21952172
25284907
21796280
21786837
21784185
21776496
21761048
32314741
21723309
21663328
21542621
21517078
21480606
21470615
28474012
21429733
21403954
21306131
21306124
21284389
21225044
21214195
21210638
21158428
21158410
21155529
28449309
32212832
28351802
28351536
28347515
28339790
28316239
28279934
28240853
28219249
32204330
28211996
28208793
28165082
30372037
28087055
30683351
32195888
27965009
27956361
27876147
27836612
30348403
27802020
27765418
27720118
30323213
26596167
21056063
32168967
21052584
30303010
20875566
30280398
20804719
20601274
30267640
20568813
20486249
20443553
20442969
20411586
20397633
20380454
20234929
20219200
20201521
20158281
30239192
20009209
13375
19947656
19908916
32090853
19889692
19856910
30212181
19699707
19515374
32085500
19492367
19446183
19436913
19397336
19374741
32080304
19231353
19203757
19191238
19138131
32065899
19117447
18779572
32055375
18767662
18702456
29341711
18522436
18454861
18384799
18345689
18255078
32053373
18209790
18067293
18052235
30064480
18041733
32046328
17936290
17910449
32033417
17714720
32033215
17523591
17297930
17295409
17209580
17154585
17132168
32017323
17007509
30587844
16580007
16536406
16476402
32011678
16388578
16272334
16159121
16117497
15801437
15754342
32007869
29909197
15641834
15612739
15611335
15582718
15375214
15369357
32000771
12901672
31981460
30566006
12696880
12693951
29802452
12670247
29799184
29784371
12398509
12163111
12134822
12121704
11900223
27224845
30554513
11716713
11596938
11506607
31959816
32254897
11029192
11025549
29329077
10428832
31929086
9427737
29605137
29600436
8951669
48692
7607210
30540190
29567172
7519846
31905048
8268162
1281197
1608941
1716871
1672529
2145389
2360042
29497167
2644253
31882603
2896198
3040404
27173282
31880431
29458653
29457462
3159820
2409198
6586255
786622
32444788
26237447
25777480
25265229
1120212
25099161
25003641
24224561
20028136
25405705
18491922
18247585
32492839
32312387
31673007
31047140
31783644
30999580
30947985
30576142
27101427
29116813
26851086
26415800
26278961
26207954
26078180
26070398
28972365
25954137
25941752
25806593
25788104
25757497
31752873
25369856
25338131
25262027
25233145
27151299
31745609
24941108
24911384
24905233
24712722
24495006
24491770
24467309
28787133
24313913
24263233
24245541
24096195
24006891
23832136
23607784
23597982
23485197
31687709
23461524
23403867
28674419
23349431
23347405
23327360
23259596
23186163
31684878
22906719
22886815
22452444
22410151
28533032
22013880
28509920
31676083
21955146
28509555
21899308
21682340
31641122
21491946
28390667
28213213
30372032
28107921
27935275
27790906
20704311
20696126
20681634
20515019
20099890
20075017
20067319
20067263
20058876
30609618
31623305
29916714
29876662
15253627
29853039
29584399
29407935
26487105
28126228
24885693
26552605
29038038
26074081
31590433
24214862
28716125
23663014
28512345
28107008
28102081
31585043
19941383
19383144
16453648
25346285
31552399
24341681
22672438
21806785
21609427
20939885
18371204
2762120
32455698
31542918
32413974
32164527
32155882
29321036
31614719
31451548
31195970
31173692
31160715
31072898
31490158
27660785
27516503
778713
26950330
26791013
26370680
25765042
137624
31409821
25487001
25297068
25197445
24885922
24885416
31398901
24708309
24635905
24495417
24356821
24088188
23975875
23900226
23862974
29266942
23797291
23663654
31386342
23599297
23530871
23521852
23379821
31386108
22888963
31382453
22607156
22533342
22465513
22433453
22424673
22260654
22078806
21999860
31369944
21967120
21942996
21609489
21573007
21496274
21473771
21409233
21329740
21329739
21303537
21297863
28360177
28302789
27881417
27792948
30332836
31308268
21080939
20927379
20667075
20565972
20500869
20478048
20233449
19516240
30107785
30594130
22484668
29954895
31294735
29925313
15998742
29899540
12697029
11296265
10907845
10639185
9743351
9524202
31261753
30522439
8986800
7639743
8290583
8265585
1409615
1896448
1827260
2246259
2829117
17834438
26629779
3021341
3723593
17839568
31242467
3001043
4022773
18639836
6095209
6324113
6366736
6251546
29402924
32244527
20034391
31195717
18371188
11972044
6457636
31947557
10554251
32242200
31181257
24668035
19961622
32344755
31653208
31151120
30947159
26407306
25885646
25548990
31174789
22029428
21276213
21244689
31110279
19632067
18323906
29146427
32262697
26583420
20374526
16195384
31794092
22863022
22776250
31098024
19018046
30071829
17301236
12787925
26520050
22261177
17374845
16301683
31618912
8445645
22664237
21203404
17940504
31065630
301001
12218184
11572480
11454703
7635144
8479538
1339366
31028704
6493982
231764
39311
2450164
31026012
32065582
27480293
20043904
7890171
1971273
2522770
2890642
32369245
32023844
31892091
26354047
31398006
31174130
29232830
30771991
27506354
30155070
28712551
30991704
28676633
23180666
28609623
28213217
30237853
30952281
30136585
29772712
6604785
26900717
28745343
27775119
26651077
28992419
28507663
23730400
28075560
20810213
20423152
29911747
26278609
25132637
31457816
31912577
32403290
27530076
26017587
24473675
23343106
28656660
19904429
19757805
30860026
19594155
32108195
26579554
25815559
24134465
23688179
23369352
22209274
21881630
28496981
14717196
30846886
29475109
27503417
26301489
26112188
25647081
24273084
20378945
31838854
31710468
30859174
30785155
27049335
26857945
22221340
22038735
28073258
27846690
20720217
19856979
19587986
18576613
17064187
16787086
16375442
12682051
7607244
32415427
32031772
31301699
30771989
27107126
26311734
26190017
25850074
29184051
1509428
22955873
22106039
28297600
21138572
20942555
20805981
17181327
16851207
15740327
19712321
14644498
30673219
19719599
11196853
10721727
10491198
30666993
17811439
29529437
31870452
31769977
31182303
25494935
24745367
24501674
23560571
21504012
20712324
20167389
30652696
19332546
21634389
31840700
8073315
31387701
26214800
30626394
32261885
23514605
29759228
31713501
32350361
32298217
32119921
30616557
31178545
31154050
30476084
30989007
30485234
30418449
26894342
27623096
24188809
27604046
23677352
23327682
21970560
28196474
26175077
27740912
20934275
27513364
19464816
19410308
19394970
18495028
18296753
18272007
27475361
16278086
27409193
27355097
29150637
39996
27271984
31978954
24817775
22157068
7033708
1337794
10811829
32486415
27207039
30786936
25059728
24628664
24417968
22921268
28193076
27185835
29641979
23906720
27185285
20884012
19781294
11854130
00642681
22129620
27144779
21074276
25930967
28171727
27136708
21884634
30124664
24651461
23756193
22369100
20854695
32040768
31711414
30952131
27425865
23718911
23577705
23202979
28057501
20416102
20370919
23497072
2495793
27034109
27025927
29123103
26957424
31793298
25849656
26947395
26938371
26922889
26883175
28931807
26836087
26835650
26781747
26779926
25648883
28335271
26718292
26695490
26660156
26637603
26636346
25557767
26565861
26563731
26556182
26548439
26541829
26480111
26476662
26470711
25490957
26419707
26384972
26291091
26282833
26263325
25446332
26251234
26152461
26142959
25001009
26126808
26084276
28980637
26028118
24929410
25886870
28956201
24869485
25743945
25737540
25691248
28937920
31754799
24794743
25647091
30460855
25580936
25557159
25554466
24616011
25476744
25442405
24589734
25359137
25347346
25338307
25326698
25322009
28793758
25245815
25219459
28874530
25100254
25079280
25068997
24200950
24943232
24884706
24882739
24848981
24830634
24804798
24746601
24735333
24693937
24514516
24045287
24496268
24475891
24462969
24425380
24397612
24352891
24326198
24302790
24206621
23880962
28772820
28764033
24054126
24044507
28759138
24024986
24018302
23915218
32264077
23867704
23827581
23633981
23780864
23736038
23708450
23683912
23648837
23518787
23597796
23368733
28696371
28691276
23449030
23340499
30970937
23305409
31710069
23246975
23207383
23184645
23126442
23098051
23085992
32263968
23070150
30546154
23111157
23016626
28604357
22799212
22798244
22763814
22996150
28592802
22721448
22705419
22664536
22658233
22595139
22549386
22498418
22453050
22821705
22304342
22277245
22272558
22209580
26292008
22197376
22123333
28531876
22070230
22059757
22055016
21997277
21967307
29293254
21823708
28498291
21767398
21762957
30413212
21666832
21643608
21592414
21513405
22697560
21504589
21492485
21431227
21430324
21408018
21406908
21376814
21283545
28548829
21247106
21210691
20861475
28444893
28437942
28417523
28371882
28323293
28291361
28242052
30384861
22074553
28216038
30374034
30368170
28105814
28088017
21981074
27896347
27840600
45496295
27813572
27756280
27722232
21386469
21339894
21243686
21133450
21083930
21080383
30660931
20946866
20942968
20850422
30277055
30274232
20673359
21678512
20672797
20586443
21676862
20423525
20397715
21563797
20386591
20335010
20230042
21529346
20228704
20193484
20174661
21504161
20104325
20098679
20038892
21310031
20020515
19968246
19947603
21832503
19913524
19910111
19857954
19851563

